<!-- docs/assets/img/logo-header.svg -->
<svg xmlns="http://www.w3.org/2000/svg" viewBox="0 0 270 60" role="img" aria-label="{{NOMBRE_MARCA}}">
  <!-- Bloque turquesa (alto 44, centrado vertical dentro de 60) -->
  <rect x="0" y="8" width="60" height="44" rx="9" fill="#2dd4bf"/>

  <!-- Motor: centrado con padding dentro del bloque (40×? letterbox). 
       ViewBox original 586×426; lo colocamos con 5px de margen lateral -->
  <svg x="5" y="8" width="50" height="44" viewBox="0 0 586 426" preserveAspectRatio="xMidYMid meet">
    <!-- Invertimos eje Y del path original -->
    <g transform="translate(0,426) scale(0.1,-0.1)">
      <path fill="#0f1115" d="M1430 3830 l0 -140 263 -2 262 -3 3 -102 3 -103 -48 -1 c-26 -1 -181
      -5 -343 -8 l-295 -6 -6 -185 c-4 -102 -7 -186 -8 -187 0 -2 -129 -3 -286 -3
      l-285 0 0 -475 0 -475 -130 0 -130 0 -2 328 -3 327 -142 3 -143 3 0 -791 0
      -790 144 0 143 0 5 320 c3 176 7 322 9 324 2 2 59 6 127 10 l122 7 0 -475 0
      -476 324 0 324 0 43 -54 c24 -30 52 -67 61 -82 10 -16 56 -81 103 -144 48 -63
      102 -137 121 -165 19 -27 67 -95 108 -150 l73 -100 374 -6 c206 -3 746 -7
      1201 -8 l827 -1 11 43 c6 23 28 103 50 177 21 74 48 171 61 215 12 44 32 114
      44 155 l23 75 76 3 77 3 39 -86 c22 -47 46 -105 54 -128 8 -23 27 -71 44 -107
      16 -36 32 -77 35 -92 4 -15 20 -55 36 -90 15 -35 33 -78 39 -96 7 -17 17 -46
      23 -62 l11 -30 424 0 424 0 0 1474 0 1474 -412 4 c-282 3 -417 1 -424 -6 -7
      -6 -21 -36 -32 -66 -12 -30 -51 -127 -87 -215 -37 -88 -73 -178 -81 -200 -8
      -22 -31 -79 -51 -127 l-36 -88 -79 0 c-54 0 -80 4 -82 13 -36 116 -164 562
      -176 615 l-11 42 -209 0 -210 0 0 180 0 180 -340 0 -341 0 3 103 3 102 268 3
      267 2 0 140 0 140 -1130 0 -1130 0 0 -140z m2119 -656 c2 -2 7 -77 10 -166 l6
      -163 235 -5 234 -5 37 -125 c87 -299 113 -389 131 -460 10 -41 24 -78 31 -82
      15 -10 538 -10 552 0 12 8 32 54 68 152 14 36 33 85 44 110 24 54 68 163 99
      245 12 33 36 91 53 128 l31 69 172 -7 c95 -4 175 -10 178 -12 2 -2 6 -539 8
      -1194 l4 -1189 -181 0 -181 0 -40 86 c-22 48 -40 91 -40 95 0 5 -17 51 -38
      102 -45 108 -110 267 -142 352 -13 33 -28 63 -32 66 -12 8 -544 8 -557 0 -5
      -4 -23 -56 -39 -116 -47 -176 -110 -394 -134 -470 l-23 -70 -1019 0 -1018 0
      -30 35 c-16 19 -45 58 -64 85 -19 28 -47 66 -62 86 -36 49 -139 188 -182 249
      -19 26 -66 90 -103 142 l-68 93 -257 5 -257 5 -3 793 c-2 630 0 792 10 793 7
      0 119 0 248 -1 129 -1 254 2 278 6 l42 7 0 190 0 190 997 -7 c549 -4 1000 -9
      1002 -12z"/>
    </g>
  </svg>

  <!-- Texto de marca -->
  <text x="80" y="40" font-size="32" font-family="Inter, Arial, Helvetica, sans-serif"
        fill="#e5e7eb" letter-spacing="1.5">AIR</text>
</svg>

